4 196214
6 446
8 0
10 0
14 0
18 0
21 0
23 0
26 0
30 0
32 0
34 0
36 0
38 0
40 0
44 0
46 0
48 0
50 0
52 0
55 0
57 0
60 0
64 0
66 0
68 0
69 3080841
71 1117668
73 602548
75 116580
77 83328
79 45462
81 13012
83 12312
85 12284
87 12283
89 12150
93 12150
95 12150
97 12150
103 12150
105 12150
107 45
109 45
111 45
113 0
117 1194051
119 1239632
121 149929
123 4254
125 381
127 10
129 10
131 0
133 0
135 0
137 0
139 0
141 0
143 0
146 1081190
155 437701
157 30050
159 6297
161 4475
163 52
165 0
167 0
172 1076018
174 168085
176 73037
178 63472
180 23719
184 7652
186 7714
188 7714
192 7651
196 5500
198 7651
200 7651
204 7651
208 5077
210 7651
212 7651
216 7651
220 4143
222 7651
224 7651
228 7651
230 7651
232 7651
234 7651
236 7651
238 7651
240 1584
242 1584
244 1222
246 1584
248 0
250 0
252 1232
254 922
256 922
258 1232
260 310
262 310
264 916
266 606
268 606
270 916
272 0
274 0
276 15
278 15
280 15
282 15
284 0
286 0
292 403266
294 6083
296 0
298 0
300 0
302 0
304 0
306 0
308 0
310 0
312 0
314 0
316 0
322 298675
324 20460
326 0
328 0
330 0
334 1179825
338 10685
340 0
344 0
346 0
347 0
350 0
352 0
354 0
356 0
360 1125847
362 208039
364 25841
366 23812
368 23728
370 23728
372 23362
374 23362
378 23362
380 23362
382 23362
386 23362
388 23362
390 0
392 0
393 3080841
