1 0 0
2 1 10.16411954826133
3 1 10.172827430740044
4 1 10.189530782819384
5 1 10.201330329750538
6 1 10.215959793795127
7 1 10.22792335533221
8 1 10.271216178807896
9 1 10.271216178807896
10 1 10.312214003346664
11 1 10.312214003346664
12 1 10.318077568421293
13 1 10.382667698466573
14 1 10.382667698466573
15 1 10.42138808997408
16 1 10.424600084170255
17 1 10.50015136537585
18 1 10.509905134584978
19 1 10.550983387676984
20 1 10.550983387676984
21 1 10.550983387676984
22 1 10.814263103722173
23 1 10.901321404363678
24 1 10.901321404363678
25 1 10.905845882847675
26 1 10.905845882847675
27 1 10.9102038264997
28 1 10.9102038264997
29 1 10.9102038264997
30 1 10.9102038264997
31 1 10.9102038264997
32 1 10.9102038264997
33 1 10.9102038264997
34 1 10.9102038264997
35 1 10.91237569707775
36 1 10.91237569707775
37 1 10.91237569707775
38 1 10.92092593841513
39 1 10.92092593841513
40 1 10.92092593841513
41 1 10.922479266642203
42 1 10.922479266642203
43 1 10.922479266642203
44 1 10.92741221390344
45 1 10.92741221390344
46 1 10.931748905107716
47 1 10.931748905107716
48 1 10.931748905107716
49 1 10.932017090300137
50 1 10.932017090300137
51 1 10.932392428779417
52 1 10.932392428779417
53 1 10.932392428779417
54 1 10.932392428779417
55 1 10.932392428779417
56 1 10.932392428779417
57 1 10.93684995599612
58 1 10.959261927194138
59 1 10.96332436225283
60 1 10.96332436225283
61 1 10.96332436225283
62 1 10.96332436225283
63 1 10.971021885633377
64 1 10.971021885633377
65 1 10.98652924621328
66 1 10.98652924621328
67 1 10.98652924621328
68 1 10.99745574071058
69 1 10.99745574071058
70 1 10.99745574071058
71 1 10.99745574071058
72 1 10.99745574071058
73 1 10.99745574071058
74 1 10.99745574071058
75 1 10.99745574071058
76 1 11.03321083622929
77 1 11.03321083622929
78 1 11.03321083622929
79 1 11.03321083622929
80 1 11.03321083622929
81 1 11.03321083622929
82 1 11.03321083622929
83 1 11.03321083622929
84 1 11.03321083622929
85 1 11.03321083622929
86 1 11.03321083622929
87 1 11.051857790886416
88 1 11.051857790886416
89 1 11.051857790886416
90 1 11.051857790886416
91 1 11.051857790886416
92 1 11.051857790886416
93 1 11.051857790886416
94 1 11.060793187543457
95 1 11.060793187543457
96 1 11.060793187543457
97 1 11.060950341177172
98 1 11.060950341177172
99 1 11.060950341177172
100 1 11.060950341177172
101 1 11.060950341177172
102 1 11.060950341177172
103 1 11.060950341177172
104 1 11.060950341177172
105 1 11.060950341177172
106 1 11.060950341177172
107 1 11.060950341177172
108 1 11.075257361821965
109 1 11.075257361821965
110 1 11.075257361821965
111 1 11.075257361821965
112 1 11.075257361821965
113 1 11.966850524003274
114 1 11.966850524003274
115 1 11.966850524003274
116 1 12.436779522650587
117 1 12.436779522650587
118 1 12.436779522650587
119 1 12.436779522650587
120 1 12.436779522650587
121 1 13.357142966681657
122 1 13.367268420500052
123 1 13.367398353349998
124 1 13.367398353349998
125 1 13.376945128833542
126 1 13.39467340302681
127 1 13.39467340302681
128 1 13.400753916947913
129 1 13.4077047124666
130 1 13.4077047124666
131 1 13.425125177091202
132 1 13.434771232628052
133 1 13.434771232628052
134 1 13.434771232628052
135 1 13.434771232628052
136 1 13.434771232628052
137 1 13.446661813093833
138 1 13.448956980602052
139 1 13.452058414889352
140 1 13.452058414889352
141 1 13.452176347388953
142 1 13.452363285048664
143 1 13.453646459334788
144 1 13.455157429218476
145 1 13.455183237927196
146 1 13.455211913489023
147 1 13.455211913489023
148 1 13.455211913489023
149 1 13.458318337403913
150 1 13.458318337403913
151 1 13.458318337403913
152 1 13.458318337403913
153 1 13.458318337403913
154 1 13.458318337403913
155 1 13.458318337403913
156 1 13.458318337403913
157 1 13.458318337403913
158 1 13.458318337403913
159 1 13.458318337403913
160 1 13.458318337403913
161 1 13.458318337403913
162 1 13.458318337403913
163 1 13.458318337403913
164 1 13.458318337403913
165 1 13.458318337403913
166 1 13.458318337403913
167 1 13.458318337403913
168 1 13.458318337403913
169 1 13.458318337403913
170 1 13.458318337403913
171 1 13.458318337403913
172 1 13.458318337403913
173 1 13.458318337403913
174 1 13.458318337403913
175 1 13.458318337403913
176 1 13.458318337403913
177 1 13.458318337403913
178 1 13.458318337403913
179 1 13.458318337403913
180 1 13.458318337403913
181 1 13.458318337403913
182 1 13.458318337403913
183 1 13.458318337403913
184 1 13.458318337403913
185 1 13.458318337403913
186 1 13.458318337403913
187 1 13.458318337403913
188 1 13.458318337403913
189 1 13.458318337403913
190 1 13.458318337403913
191 1 13.458318337403913
192 1 13.458318337403913
193 1 13.458318337403913
194 1 13.458318337403913
195 1 13.458318337403913
196 1 13.458318337403913
197 1 13.458318337403913
198 1 13.458318337403913
199 1 13.458318337403913
200 1 13.458318337403913
201 1 13.458318337403913
202 1 13.458318337403913
203 1 13.458318337403913
204 1 13.458318337403913
205 1 13.458318337403913
206 1 13.458318337403913
207 1 13.458318337403913
208 1 13.458318337403913
209 1 13.458318337403913
210 1 13.458318337403913
211 1 13.458318337403913
212 1 13.458318337403913
213 1 13.458318337403913
214 1 13.458318337403913
215 1 13.458318337403913
216 1 13.458318337403913
217 1 13.458318337403913
218 1 13.458318337403913
219 1 13.458318337403913
220 1 13.458318337403913
221 1 13.458318337403913
222 1 13.458318337403913
223 1 13.458318337403913
224 1 13.458318337403913
225 1 13.458318337403913
226 1 13.458318337403913
227 1 13.458318337403913
228 1 13.458318337403913
229 1 13.458318337403913
230 1 13.458318337403913
231 1 13.458318337403913
232 1 13.458318337403913
233 1 13.458318337403913
234 1 13.458318337403913
235 1 13.458318337403913
236 1 13.458318337403913
237 1 13.458318337403913
238 1 13.458318337403913
239 1 13.458318337403913
240 1 13.458318337403913
241 1 13.458318337403913
242 1 13.458318337403913
243 1 13.458318337403913
244 1 13.458318337403913
245 1 13.458318337403913
246 1 13.458318337403913
247 1 13.458318337403913
248 1 13.458318337403913
249 1 13.458318337403913
250 1 13.458318337403913
251 1 13.458318337403913
252 1 13.458318337403913
253 1 13.458318337403913
254 1 13.458318337403913
255 1 13.458318337403913
256 1 13.458318337403913
257 1 13.458318337403913
258 1 13.458318337403913
259 1 13.458318337403913
260 1 13.458318337403913
261 1 13.458318337403913
262 1 13.458318337403913
263 1 13.460532744513127
264 1 13.461373818628546
265 1 13.462914427202998
266 1 13.46673717147885
267 1 13.520224985363312
268 1 13.594765378256191
269 1 13.594765378256191
270 1 13.594765378256191
271 1 13.594765378256191
272 1 13.594765378256191
273 1 13.594765378256191
274 1 13.594765378256191
275 1 13.594765378256191
276 1 13.594765378256191
277 1 13.594765378256191
278 1 13.594765378256191
279 1 13.594765378256191
280 1 13.594765378256191
281 1 13.594765378256191
282 1 13.594765378256191
283 1 13.594765378256191
284 1 13.594765378256191
285 1 13.594765378256191
286 1 13.594765378256191
287 1 13.594765378256191
288 1 13.594765378256191
289 1 13.594765378256191
290 1 13.594765378256191
291 1 13.594765378256191
292 1 13.594765378256191
293 1 13.594765378256191
294 1 13.594765378256191
295 1 13.594765378256191
296 1 13.594765378256191
297 1 13.594765378256191
298 1 13.594765378256191
299 1 13.594765378256191
300 1 13.594765378256191
301 1 13.594765378256191
302 1 13.594765378256191
303 1 13.594765378256191
304 1 13.594765378256191
305 1 13.594765378256191
306 1 13.594765378256191
307 1 13.594765378256191
308 1 13.594765378256191
309 1 13.594765378256191
310 1 13.594765378256191
311 1 13.594765378256191
312 1 13.594765378256191
313 1 13.594765378256191
314 1 13.594765378256191
315 1 13.594765378256191
316 1 13.594765378256191
317 1 13.594765378256191
318 1 13.594765378256191
319 1 13.594765378256191
320 1 13.594765378256191
321 1 13.594765378256191
322 1 13.594765378256191
323 1 13.594765378256191
324 1 13.594765378256191
325 1 13.594765378256191
326 1 13.594765378256191
327 1 13.594765378256191
328 1 13.594765378256191
329 1 13.594765378256191
330 1 13.594765378256191
331 1 13.594765378256191
332 1 13.594765378256191
333 1 13.594765378256191
334 1 13.594765378256191
335 1 13.594765378256191
336 1 13.594765378256191
337 1 13.594765378256191
338 1 13.594765378256191
339 1 13.594765378256191
340 1 13.594765378256191
341 1 13.594765378256191
342 1 13.594765378256191
343 1 13.594765378256191
344 1 13.594765378256191
345 1 13.594765378256191
346 1 13.594765378256191
347 1 13.594765378256191
348 1 13.594765378256191
349 1 13.594765378256191
350 1 13.594765378256191
351 1 13.594765378256191
352 1 13.594765378256191
353 1 13.594765378256191
354 1 13.594765378256191
355 1 13.594765378256191
356 1 13.594765378256191
357 1 13.594765378256191
358 1 13.594765378256191
359 1 13.594765378256191
360 1 13.594765378256191
361 1 13.594765378256191
362 1 13.594765378256191
363 1 13.594765378256191
364 1 13.594765378256191
365 1 13.594765378256191
366 1 13.594765378256191
367 1 13.594765378256191
368 1 13.594765378256191
369 1 13.594765378256191
370 1 13.594765378256191
371 1 13.594765378256191
372 1 13.594765378256191
373 1 13.594765378256191
374 1 13.594765378256191
375 1 13.594765378256191
376 1 13.594765378256191
377 1 13.594765378256191
378 1 13.594765378256191
379 1 13.594765378256191
380 1 13.594765378256191
381 1 13.594765378256191
382 1 13.594765378256191
383 1 13.594765378256191
384 1 13.594765378256191
385 1 13.594765378256191
386 1 13.594765378256191
387 1 13.594765378256191
388 1 13.594765378256191
389 1 13.594765378256191
390 1 13.594765378256191
391 1 13.594765378256191
392 1 13.594765378256191
393 1 13.594765378256191
394 1 13.594765378256191
395 1 13.594765378256191
396 1 13.594765378256191
397 1 13.594765378256191
398 1 13.594765378256191
399 1 13.594765378256191
400 1 13.594765378256191
401 1 13.594765378256191
402 1 13.594765378256191
403 1 13.594765378256191
404 1 13.594765378256191
405 1 13.594765378256191
406 1 13.594765378256191
407 1 13.594765378256191
408 1 13.594765378256191
409 1 13.594765378256191
410 1 13.594765378256191
411 1 13.594765378256191
412 1 13.594765378256191
413 1 13.594765378256191
414 1 13.594765378256191
415 1 7.677400430514807
416 1 7.677400430514807
417 1 7.677400430514807
418 1 7.739359202689098
419 1 7.769378609513984
420 1 7.874739125171811
421 1 8.129764445794171
422 2 10.100369260661413
423 2 10.100369260661413
424 2 10.166543885161504
425 2 10.189831229736429
426 2 10.22128652389172
427 2 10.251500085896208
428 2 10.310052056087594
429 2 10.31503413096016
430 2 10.565582566340604
431 2 10.855338459808834
432 2 10.855338459808834
433 2 10.903089490871137
434 2 10.908631297879282
435 2 10.94080937276113
436 2 10.955235321790287
437 2 10.955235321790287
438 2 11.008115046859025
439 2 11.008115046859025
440 2 11.03823888782011
441 2 11.047439615173316
442 2 11.062394996987994
443 2 11.134603622683905
444 2 11.15270137310765
445 2 11.174455233686343
446 2 11.213224790933863
447 2 11.254064058326641
448 2 11.329867637195305
449 2 11.345157489183785
450 2 11.367818764789886
451 2 11.641635252315535
452 2 12.537901977674753
453 2 1.6094379124341003
454 2 1.9459101490553132
455 2 1.9459101490553132
456 2 1.9459101490553132
457 2 2.1972245773362196
458 2 2.302585092994046
459 2 4.543294782270004
460 2 4.7535901911063645
461 2 4.804021044733257
462 2 4.844187086458591
463 2 5.159055299214529
464 2 5.318119993844216
465 2 5.337538079701318
466 2 5.342334251964811
467 2 5.356586274672012
468 2 5.3612921657094255
469 2 5.365976015021851
470 2 5.442417710521793
471 2 5.472270673671475
472 2 5.53338948872752
473 2 5.54907608489522
474 2 5.58724865840025
475 2 5.645446897643238
476 2 5.676753802268282
477 2 5.676753802268282
478 2 5.831882477283517
479 2 5.998936561946683
480 2 6.1463292576688975
481 2 6.148468295917647
482 2 6.152732694704104
483 2 6.152732694704104
484 2 6.18826412308259
485 2 6.210600077024653
486 2 6.218600119691729
487 2 6.246106765481563
488 2 6.26530121273771
489 2 6.272877006546167
490 2 6.304448802421981
491 2 6.306275286948016
492 2 6.317164686747284
493 2 6.317164686747284
494 2 6.320768294250582
495 2 6.329720905522696
496 2 6.336825731146441
497 2 6.345636360828596
498 2 6.35088571671474
499 2 6.35088571671474
500 2 6.35088571671474
501 2 6.373319789577012
502 2 6.373319789577012
503 2 6.373319789577012
504 2 6.373319789577012
505 2 6.373319789577012
506 2 6.380122536899765
507 2 6.386879319362645
508 2 6.447305862541213
509 2 6.448889394146858
510 2 6.467698726104354
511 2 6.4692503167957724
512 2 6.4692503167957724
513 2 6.480044561926653
514 2 6.480044561926653
515 2 6.480044561926653
516 2 6.480044561926653
517 2 6.4967749901858625
518 2 6.4967749901858625
519 2 6.4967749901858625
520 2 6.498282149476434
521 2 6.501289670540389
522 2 6.501289670540389
523 2 6.501289670540389
524 2 6.501289670540389
525 2 6.54534966033442
526 2 6.61472560020376
527 2 6.620073206530356
528 2 6.643789733147672
529 2 6.74993119378857
530 2 6.74993119378857
531 2 6.74993119378857
532 2 6.8690144506657065
533 2 6.983789965258135
534 2 7.035268599281097
535 2 7.074963197966044
536 2 7.115582126184454
537 2 7.143617602704121
538 2 7.143617602704121
539 2 7.264730177929867
540 2 7.292337176173877
541 2 7.292337176173877
542 2 7.346655163176539
543 2 7.346655163176539
544 2 7.584264818389059
545 2 7.591357046698551
546 2 7.83241092718792
547 2 7.891330757661889
548 2 7.9909154630913255
549 2 7.9909154630913255
550 2 8.163656176168432
551 2 8.163656176168432
552 2 8.323365694436081
553 2 8.478452363099807
554 2 8.531884740159228
555 2 8.531884740159228
556 2 8.531884740159228
557 2 8.531884740159228
558 2 8.531884740159228
559 2 8.531884740159228
560 2 8.531884740159228
561 2 8.557374981049069
562 2 8.689801056022553
563 2 8.689801056022553
564 2 8.689801056022553
565 2 8.689801056022553
566 2 8.689801056022553
567 2 8.689801056022553
568 2 8.689801056022553
569 2 8.689801056022553
570 2 8.689801056022553
571 2 8.689801056022553
572 2 8.932740634865914
573 2 8.978282203272398
574 2 9.079206103951382
575 2 9.079206103951382
576 2 9.079206103951382
577 2 9.079206103951382
578 2 9.42197798310419
579 2 9.431642228411022
580 2 9.882366055914016
581 3 0
582 3 0
583 3 0
584 3 0
585 3 0
586 3 0
587 3 0
588 3 0
589 3 0
590 3 0
591 3 0
592 3 0
593 3 0.0
594 3 0.0
595 3 0.0
596 3 0.0
597 3 0.0
598 3 0.0
599 3 0.6931471805599453
600 3 0.6931471805599453
601 3 10.378105519332609
602 3 1.0986122886681098
603 3 1.0986122886681098
604 3 1.0986122886681098
605 3 1.3862943611198906
606 3 1.3862943611198906
607 3 1.3862943611198906
608 3 1.6094379124341003
609 3 1.6094379124341003
610 3 1.6094379124341003
611 3 1.6094379124341003
612 3 1.6094379124341003
613 3 1.6094379124341003
614 3 1.791759469228055
615 3 1.791759469228055
616 3 1.791759469228055
617 3 1.791759469228055
618 3 1.791759469228055
619 3 1.9459101490553132
620 3 1.9459101490553132
621 3 1.9459101490553132
622 3 2.0794415416798357
623 3 2.0794415416798357
624 3 2.0794415416798357
625 3 2.1972245773362196
626 3 2.1972245773362196
627 3 2.1972245773362196
628 3 2.1972245773362196
629 3 2.302585092994046
630 3 2.302585092994046
631 3 2.302585092994046
632 3 2.3978952727983707
633 3 2.3978952727983707
634 3 2.3978952727983707
635 3 2.3978952727983707
636 3 2.3978952727983707
637 3 2.4849066497880004
638 3 2.70805020110221
639 3 2.70805020110221
640 3 2.833213344056216
641 3 3.258096538021482
642 3 3.258096538021482
643 3 3.258096538021482
644 3 3.295836866004329
645 3 3.367295829986474
646 3 3.4657359027997265
647 3 3.5553480614894135
648 3 3.5553480614894135
649 3 3.58351893845611
650 3 3.58351893845611
651 3 3.6109179126442243
652 3 3.713572066704308
653 3 3.7376696182833684
654 3 3.9318256327243257
655 3 3.9318256327243257
656 3 3.970291913552122
657 3 3.970291913552122
658 3 3.970291913552122
659 3 3.970291913552122
660 3 4.02535169073515
661 3 4.276666119016055
662 3 4.276666119016055
663 3 4.290459441148391
664 3 4.31748811353631
665 3 4.442651256490317
666 3 4.454347296253507
667 3 4.553876891600541
668 3 4.77912349311153
669 3 4.77912349311153
670 3 4.882801922586371
671 3 4.882801922586371
672 3 4.882801922586371
673 3 4.882801922586371
674 3 4.882801922586371
675 3 4.955827057601261
676 3 4.990432586778736
677 3 5.187385805840755
678 3 5.3612921657094255
679 3 5.3612921657094255
680 3 5.908082938168931
681 3 5.908082938168931
682 3 6.016157159698354
683 3 6.016157159698354
684 3 6.042632833682381
685 3 6.111467339502679
686 3 6.198478716492308
687 3 6.22455842927536
688 3 6.259581464064923
689 3 6.361302477572996
690 3 6.548219102762372
691 3 6.591673732008658
692 3 6.683360945766275
693 3 6.863803391452954
694 3 6.985641817639208
695 3 7.282073658093465
696 3 7.282073658093465
697 3 7.38770923908104
698 3 7.418780882750794
699 3 7.727094484779841
700 3 7.910957382845589
701 3 7.924072324923417
702 3 8.046549357283078
703 3 8.098946748943339
704 3 8.216088098632316
705 3 8.254268770090183
706 3 8.336150816120663
707 3 8.336150816120663
708 3 8.336150816120663
709 3 8.336150816120663
710 3 8.336150816120663
711 3 8.336150816120663
712 3 8.336150816120663
713 3 8.336390480591552
714 3 8.399085102935908
715 3 8.428580533059634
716 3 8.482187582217422
717 3 8.552174160311482
718 3 8.6020856584342
719 3 8.6020856584342
720 3 8.6020856584342
721 3 8.6020856584342
722 3 8.6020856584342
723 3 8.6020856584342
724 3 8.6020856584342
725 3 8.6020856584342
726 3 8.6020856584342
727 3 8.6020856584342
728 3 8.603554357064281
729 3 8.862766742283796
730 3 8.990316947998217
731 3 8.990316947998217
732 3 8.990316947998217
733 3 8.990316947998217
734 3 9.016391478941248
735 3 9.126958763037132
736 3 9.451480999992047
737 4 0
738 4 0
739 4 0
740 4 0
741 4 0
742 4 0
743 4 0
744 4 0
745 4 0
746 4 0
747 4 0
748 4 0
749 4 0
750 4 0
751 4 0
752 4 0
753 4 0
754 4 0
755 4 0
756 4 0
757 4 0
758 4 0
759 4 0
760 4 0
761 4 0
762 4 0
763 4 0
764 4 0
765 4 0
766 4 0
767 4 0
768 4 0
769 4 0
770 4 0
771 4 0
772 4 0
773 4 0
774 4 0
775 4 0
776 4 0
777 4 0
778 4 0
779 4 0
780 4 0
781 4 0
782 4 0
783 4 0
784 4 0
785 4 0
786 4 0
787 4 0
788 4 0
789 4 0
790 4 0
791 4 0
792 4 0
793 4 0
794 4 0.0
795 4 0.0
796 4 0.0
797 4 0.0
798 4 0.0
799 4 0.0
800 4 0.0
801 4 0.0
802 4 0.0
803 4 0.0
804 4 0.0
805 4 0.0
806 4 0.0
807 4 0.0
808 4 0.0
809 4 0.0
810 4 0.0
811 4 0.6931471805599453
812 4 0.6931471805599453
813 4 10.089261476380335
814 4 1.0986122886681098
815 4 1.0986122886681098
816 4 1.0986122886681098
817 4 1.0986122886681098
818 4 1.0986122886681098
819 4 1.3862943611198906
820 4 1.791759469228055
821 4 1.9459101490553132
822 4 2.0794415416798357
823 4 2.0794415416798357
824 4 2.3978952727983707
825 4 2.3978952727983707
826 4 2.3978952727983707
827 4 2.4849066497880004
828 4 2.4849066497880004
829 4 2.5649493574615367
830 4 2.5649493574615367
831 4 2.70805020110221
832 4 2.833213344056216
833 4 3.1354942159291497
834 4 3.332204510175204
835 4 3.367295829986474
836 4 3.367295829986474
837 4 3.367295829986474
838 4 3.58351893845611
839 4 3.6375861597263857
840 4 3.784189633918261
841 4 3.828641396489095
842 4 3.828641396489095
843 4 3.828641396489095
844 4 3.828641396489095
845 4 4.04305126783455
846 4 4.07753744390572
847 4 4.248495242049359
848 4 4.653960350157523
849 4 4.709530201312334
850 4 4.7535901911063645
851 4 4.7535901911063645
852 4 4.844187086458591
853 4 4.844187086458591
854 4 4.844187086458591
855 4 4.844187086458591
856 4 5.187385805840755
857 4 5.53338948872752
858 4 5.817111159963204
859 4 5.921578419643816
860 4 6.102558594613569
861 4 6.29156913955832
862 4 6.688354713946762
863 4 6.853299093186078
864 4 6.86171134048073
865 4 6.86171134048073
866 4 7.627544390488503
867 4 7.85748078694253
868 4 7.903226808730733
869 4 7.9215356321335495
870 4 8.155362120328135
871 4 8.332308352219117
872 4 8.332308352219117
873 4 8.332308352219117
874 4 8.332308352219117
875 4 8.332308352219117
876 4 8.332308352219117
877 4 8.332308352219117
878 4 8.396831834745054
879 4 8.600798775271034
880 4 8.600798775271034
881 4 8.600798775271034
882 4 8.600798775271034
883 4 8.600798775271034
884 4 8.600798775271034
885 4 8.600798775271034
886 4 8.600798775271034
887 4 8.600798775271034
888 4 8.600798775271034
889 4 8.787830829258759
890 4 8.787830829258759
891 4 8.98882050177807
892 4 9.370842268630211
893 5 0
894 5 0
895 5 0
896 5 0
897 5 0
898 5 0
899 5 0
900 5 0
901 5 0
902 5 0
903 5 0
904 5 0
905 5 0
906 5 0
907 5 0
908 5 0
909 5 0
910 5 0
911 5 0
912 5 0
913 5 0
914 5 0
915 5 0
916 5 0
917 5 0
918 5 0
919 5 0
920 5 0
921 5 0
922 5 0
923 5 0
924 5 0
925 5 0
926 5 0
927 5 0
928 5 0
929 5 0
930 5 0
931 5 0
932 5 0
933 5 0
934 5 0
935 5 0
936 5 0
937 5 0
938 5 0
939 5 0
940 5 0
941 5 0
942 5 0
943 5 0
944 5 0
945 5 0
946 5 0
947 5 0
948 5 0
949 5 0
950 5 0
951 5 0
952 5 0
953 5 0
954 5 0
955 5 0
956 5 0
957 5 0
958 5 0
959 5 0
960 5 0
961 5 0
962 5 0
963 5 0
964 5 0
965 5 0
966 5 0
967 5 0
968 5 0
969 5 0
970 5 0
971 5 0
972 5 0
973 5 0
974 5 0
975 5 0
976 5 0
977 5 0
978 5 0
979 5 0
980 5 0
981 5 0
982 5 0
983 5 0
984 5 0
985 5 0
986 5 0
987 5 0
988 5 0
989 5 0
990 5 0
991 5 0
992 5 0
993 5 0
994 5 0
995 5 0
996 5 0.0
997 5 0.0
998 5 0.0
999 5 0.0
1000 5 0.0
1001 5 0.0
1002 5 0.0
1003 5 0.0
1004 5 0.6931471805599453
1005 5 0.6931471805599453
1006 5 0.6931471805599453
1007 5 0.6931471805599453
1008 5 0.6931471805599453
1009 5 1.0986122886681098
1010 5 1.0986122886681098
1011 5 1.0986122886681098
1012 5 1.0986122886681098
1013 5 1.3862943611198906
1014 5 1.6094379124341003
1015 5 2.0794415416798357
1016 5 2.302585092994046
1017 5 2.302585092994046
1018 5 2.302585092994046
1019 5 2.302585092994046
1020 5 2.302585092994046
1021 5 2.302585092994046
1022 5 2.70805020110221
1023 5 2.70805020110221
1024 5 3.1354942159291497
1025 5 3.295836866004329
1026 5 3.6109179126442243
1027 5 3.6109179126442243
1028 5 3.713572066704308
1029 5 4.330733340286331
1030 5 4.605170185988092
1031 5 4.836281906951478
1032 5 4.836281906951478
1033 5 4.836281906951478
1034 5 5.517452896464707
1035 5 5.814130531825066
1036 5 5.902633333401366
1037 5 5.916202062607435
1038 5 7.763021309018518
1039 5 7.903226808730733
1040 5 7.917536353943631
1041 5 8.14177220465645
1042 5 8.32457884513685
1043 5 8.32457884513685
1044 5 8.32457884513685
1045 5 8.32457884513685
1046 5 8.32457884513685
1047 5 8.32457884513685
1048 5 8.32457884513685
1049 5 8.395477432732141
1050 5 8.44009614103127
1051 5 8.44009614103127
1052 5 8.44009614103127
1053 5 8.44009614103127
1054 5 8.44009614103127
1055 5 8.44009614103127
1056 5 8.44009614103127
1057 5 8.44009614103127
1058 5 8.44009614103127
1059 5 8.44009614103127
1060 5 8.787830829258759
1061 5 8.787830829258759
1062 5 8.988695696785708
1063 5 8.988695696785708
1064 5 8.988695696785708
1065 5 8.988695696785708
1066 5 8.988695696785708
1067 5 8.988695696785708
1068 5 8.988695696785708
1069 5 8.988695696785708
1070 5 8.988695696785708
1071 5 9.051110146405625
1072 5 9.579694593071988
1073 6 0
1074 6 0
1075 6 0
1076 6 0
1077 6 0
1078 6 0
1079 6 0
1080 6 0
1081 6 0
1082 6 0
1083 6 0
1084 6 0
1085 6 0
1086 6 0
1087 6 0
1088 6 0
1089 6 0
1090 6 0
1091 6 0
1092 6 0
1093 6 0
1094 6 0
1095 6 0
1096 6 0
1097 6 0
1098 6 0
1099 6 0
1100 6 0
1101 6 0
1102 6 0
1103 6 0
1104 6 0
1105 6 0
1106 6 0
1107 6 0
1108 6 0
1109 6 0
1110 6 0
1111 6 0
1112 6 0
1113 6 0
1114 6 0
1115 6 0
1116 6 0
1117 6 0
1118 6 0
1119 6 0
1120 6 0
1121 6 0
1122 6 0
1123 6 0
1124 6 0
1125 6 0
1126 6 0
1127 6 0
1128 6 0
1129 6 0
1130 6 0
1131 6 0
1132 6 0
1133 6 0
1134 6 0
1135 6 0
1136 6 0
1137 6 0
1138 6 0
1139 6 0
1140 6 0
1141 6 0
1142 6 0
1143 6 0
1144 6 0
1145 6 0
1146 6 0
1147 6 0
1148 6 0
1149 6 0
1150 6 0
1151 6 0
1152 6 0
1153 6 0
1154 6 0
1155 6 0
1156 6 0
1157 6 0
1158 6 0
1159 6 0
1160 6 0
1161 6 0
1162 6 0
1163 6 0
1164 6 0
1165 6 0
1166 6 0
1167 6 0
1168 6 0
1169 6 0
1170 6 0
1171 6 0
1172 6 0
1173 6 0
1174 6 0
1175 6 0
1176 6 0
1177 6 0
1178 6 0
1179 6 0
1180 6 0
1181 6 0
1182 6 0
1183 6 0
1184 6 0
1185 6 0
1186 6 0
1187 6 0
1188 6 0
1189 6 0
1190 6 0
1191 6 0
1192 6 0.0
1193 6 0.0
1194 6 0.0
1195 6 0.6931471805599453
1196 6 1.0986122886681098
1197 6 1.0986122886681098
1198 6 1.3862943611198906
1199 6 1.6094379124341003
1200 6 1.791759469228055
1201 6 2.302585092994046
1202 6 2.302585092994046
1203 6 2.302585092994046
1204 6 2.302585092994046
1205 6 2.302585092994046
1206 6 3.6109179126442243
1207 6 3.6109179126442243
1208 6 4.605170185988092
1209 6 4.787491742782046
1210 6 4.787491742782046
1211 6 4.795790545596741
1212 6 4.820281565605037
1213 6 4.836281906951478
1214 6 4.836281906951478
1215 6 4.836281906951478
1216 6 5.54907608489522
1217 6 5.793013608384144
1218 6 5.902633333401366
1219 6 5.916202062607435
1220 6 6.674561391814426
1221 6 6.940222469119639
1222 6 6.940222469119639
1223 6 7.074116816197362
1224 6 7.074116816197362
1225 6 7.074116816197362
1226 6 7.383989457978509
1227 6 7.489412083508719
1228 6 7.902857191280582
1229 6 7.905441649060286
1230 6 8.14060704285845
1231 6 8.323365694436081
1232 6 8.323365694436081
1233 6 8.323365694436081
1234 6 8.323365694436081
1235 6 8.323365694436081
1236 6 8.323365694436081
1237 6 8.323365694436081
1238 6 8.395477432732141
1239 6 8.4069317971587
1240 6 8.44009614103127
1241 6 8.44009614103127
1242 6 8.44009614103127
1243 6 8.44009614103127
1244 6 8.44009614103127
1245 6 8.44009614103127
1246 6 8.44009614103127
1247 6 8.44009614103127
1248 6 8.44009614103127
1249 6 8.787830829258759
1250 6 8.787830829258759
1251 6 9.401704256754366
1252 7 0
1253 7 0
1254 7 0
1255 7 0
1256 7 0
1257 7 0
1258 7 0
1259 7 0
1260 7 0
1261 7 0
1262 7 0
1263 7 0
1264 7 0
1265 7 0
1266 7 0
1267 7 0
1268 7 0
1269 7 0
1270 7 0
1271 7 0
1272 7 0
1273 7 0
1274 7 0
1275 7 0
1276 7 0
1277 7 0
1278 7 0
1279 7 0
1280 7 0
1281 7 0
1282 7 0
1283 7 0
1284 7 0
1285 7 0
1286 7 0
1287 7 0
1288 7 0
1289 7 0
1290 7 0
1291 7 0
1292 7 0
1293 7 0
1294 7 0
1295 7 0
1296 7 0
1297 7 0
1298 7 0
1299 7 0
1300 7 0
1301 7 0
1302 7 0
1303 7 0
1304 7 0
1305 7 0
1306 7 0
1307 7 0
1308 7 0
1309 7 0
1310 7 0
1311 7 0
1312 7 0
1313 7 0
1314 7 0
1315 7 0
1316 7 0
1317 7 0
1318 7 0
1319 7 0
1320 7 0
1321 7 0
1322 7 0
1323 7 0
1324 7 0
1325 7 0
1326 7 0
1327 7 0
1328 7 0
1329 7 0
1330 7 0
1331 7 0
1332 7 0
1333 7 0
1334 7 0
1335 7 0
1336 7 0
1337 7 0
1338 7 0
1339 7 0
1340 7 0
1341 7 0
1342 7 0
1343 7 0
1344 7 0
1345 7 0
1346 7 0
1347 7 0
1348 7 0
1349 7 0
1350 7 0
1351 7 0
1352 7 0
1353 7 0
1354 7 0
1355 7 0
1356 7 0
1357 7 0
1358 7 0
1359 7 0
1360 7 0
1361 7 0
1362 7 0
1363 7 0
1364 7 0
1365 7 0
1366 7 0
1367 7 0
1368 7 0
1369 7 0
1370 7 0
1371 7 0
1372 7 0
1373 7 0.0
1374 7 0.0
1375 7 0.6931471805599453
1376 7 1.0986122886681098
1377 7 1.3862943611198906
1378 7 2.302585092994046
1379 7 2.302585092994046
1380 7 2.302585092994046
1381 7 2.302585092994046
1382 7 2.302585092994046
1383 7 2.9444389791664403
1384 7 3.258096538021482
1385 7 3.6109179126442243
1386 7 3.6109179126442243
1387 7 3.6109179126442243
1388 7 3.828641396489095
1389 7 4.0943445622221
1390 7 4.605170185988092
1391 7 4.787491742782046
1392 7 4.859812404361672
1393 7 5.214935757608986
1394 7 5.736572297479192
1395 7 5.91350300563827
1396 7 6.652863029353347
1397 7 6.652863029353347
1398 7 6.710523109452428
1399 7 7.9017475185201445
1400 7 7.991253929840199
1401 7 8.147288258706624
1402 7 8.323365694436081
1403 7 8.323365694436081
1404 7 8.323365694436081
1405 7 8.323365694436081
1406 7 8.323365694436081
1407 7 8.323365694436081
1408 7 8.323365694436081
1409 7 8.787830829258759
1410 7 8.787830829258759
1411 7 9.360310898552477
1412 8 0
1413 8 0
1414 8 0
1415 8 0
1416 8 0
1417 8 0
1418 8 0
1419 8 0
1420 8 0
1421 8 0
1422 8 0
1423 8 0
1424 8 0
1425 8 0
1426 8 0
1427 8 0
1428 8 0
1429 8 0
1430 8 0
1431 8 0
1432 8 0
1433 8 0
1434 8 0
1435 8 0
1436 8 0
1437 8 0
1438 8 0
1439 8 0
1440 8 0
1441 8 0
1442 8 0
1443 8 0
1444 8 0
1445 8 0
1446 8 0
1447 8 0
1448 8 0
1449 8 0
1450 8 0
1451 8 0
1452 8 0
1453 8 0
1454 8 0
1455 8 0
1456 8 0
1457 8 0
1458 8 0
1459 8 0
1460 8 0
1461 8 0
1462 8 0
1463 8 0
1464 8 0
1465 8 0
1466 8 0
1467 8 0
1468 8 0
1469 8 0
1470 8 0
1471 8 0
1472 8 0
1473 8 0
1474 8 0
1475 8 0
1476 8 0
1477 8 0
1478 8 0
1479 8 0
1480 8 0
1481 8 0
1482 8 0
1483 8 0
1484 8 0
1485 8 0
1486 8 0
1487 8 0
1488 8 0
1489 8 0
1490 8 0
1491 8 0
1492 8 0
1493 8 0
1494 8 0
1495 8 0
1496 8 0
1497 8 0
1498 8 0
1499 8 0
1500 8 0
1501 8 0
1502 8 0
1503 8 0
1504 8 0
1505 8 0
1506 8 0
1507 8 0
1508 8 0
1509 8 0
1510 8 0
1511 8 0
1512 8 0
1513 8 0
1514 8 0
1515 8 0
1516 8 0
1517 8 0
1518 8 0
1519 8 0
1520 8 0
1521 8 0
1522 8 0
1523 8 0
1524 8 0
1525 8 0
1526 8 0
1527 8 0
1528 8 0
1529 8 0
1530 8 0
1531 8 0
1532 8 0
1533 8 0
1534 8 0
1535 8 0
1536 8 0
1537 8 0
1538 8 0
1539 8 0
1540 8 0
1541 8 0
1542 8 0
1543 8 0
1544 8 0
1545 8 0
1546 8 0
1547 8 0
1548 8 0
1549 8 0
1550 8 0
1551 8 0
1552 8 0
1553 8 0
1554 8 0.0
1555 8 0.6931471805599453
1556 8 0.6931471805599453
1557 8 0.6931471805599453
1558 8 2.302585092994046
1559 8 2.302585092994046
1560 8 2.302585092994046
1561 8 2.302585092994046
1562 8 2.302585092994046
1563 8 3.332204510175204
1564 8 3.6109179126442243
1565 8 3.6109179126442243
1566 8 4.23410650459726
1567 8 4.7535901911063645
1568 8 5.14166355650266
1569 8 6.651571873589727
1570 8 6.651571873589727
1571 8 6.651571873589727
1572 8 7.079184394609668
1573 8 7.841492924460013
1574 8 7.9017475185201445
1575 8 8.147288258706624
1576 8 8.323365694436081
1577 8 8.323365694436081
1578 8 8.323365694436081
1579 8 8.323365694436081
1580 8 8.323365694436081
1581 8 8.323365694436081
1582 8 8.323365694436081
1583 8 9.314430080500564
1584 9 0
1585 9 0
1586 9 0
1587 9 0
1588 9 0
1589 9 0
1590 9 0
1591 9 0
1592 9 0
1593 9 0
1594 9 0
1595 9 0
1596 9 0
1597 9 0
1598 9 0
1599 9 0
1600 9 0
1601 9 0
1602 9 0
1603 9 0
1604 9 0
1605 9 0
1606 9 0
1607 9 0
1608 9 0
1609 9 0
1610 9 0
1611 9 0
1612 9 0
1613 9 0
1614 9 0
1615 9 0
1616 9 0
1617 9 0
1618 9 0
1619 9 0
1620 9 0
1621 9 0
1622 9 0
1623 9 0
1624 9 0
1625 9 0
1626 9 0
1627 9 0
1628 9 0
1629 9 0
1630 9 0
1631 9 0
1632 9 0
1633 9 0
1634 9 0
1635 9 0
1636 9 0
1637 9 0
1638 9 0
1639 9 0
1640 9 0
1641 9 0
1642 9 0
1643 9 0
1644 9 0
1645 9 0
1646 9 0
1647 9 0
1648 9 0
1649 9 0
1650 9 0
1651 9 0
1652 9 0
1653 9 0
1654 9 0
1655 9 0
1656 9 0
1657 9 0
1658 9 0
1659 9 0
1660 9 0
1661 9 0
1662 9 0
1663 9 0
1664 9 0
1665 9 0
1666 9 0
1667 9 0
1668 9 0
1669 9 0
1670 9 0
1671 9 0
1672 9 0
1673 9 0
1674 9 0
1675 9 0
1676 9 0
1677 9 0
1678 9 0
1679 9 0
1680 9 0
1681 9 0
1682 9 0
1683 9 0
1684 9 0
1685 9 0
1686 9 0
1687 9 0
1688 9 0
1689 9 0
1690 9 0
1691 9 0
1692 9 0
1693 9 0
1694 9 0
1695 9 0
1696 9 0
1697 9 0
1698 9 0
1699 9 0
1700 9 0
1701 9 0
1702 9 0
1703 9 0
1704 9 0
1705 9 0
1706 9 0
1707 9 0
1708 9 0.6931471805599453
1709 9 0.6931471805599453
1710 9 1.3862943611198906
1711 9 1.9459101490553132
1712 9 2.0794415416798357
1713 9 2.302585092994046
1714 9 2.302585092994046
1715 9 2.302585092994046
1716 9 2.302585092994046
1717 9 2.302585092994046
1718 9 3.044522437723423
1719 9 4.219507705176107
1720 9 6.47543271670409
1721 9 6.47543271670409
1722 9 6.573680166960646
1723 9 6.650279048587422
1724 9 7.88344635413774
1725 9 7.9017475185201445
1726 9 8.323365694436081
1727 9 8.323365694436081
1728 9 8.323365694436081
1729 9 8.323365694436081
1730 9 8.323365694436081
1731 9 8.323365694436081
1732 9 8.323365694436081
1733 9 9.293209849798478
1734 10 0
1735 10 0
1736 10 0
1737 10 0
1738 10 0
1739 10 0
1740 10 0
1741 10 0
1742 10 0
1743 10 0
1744 10 0
1745 10 0
1746 10 0
1747 10 0
1748 10 0
1749 10 0
1750 10 0
1751 10 0
1752 10 0
1753 10 0
1754 10 0
1755 10 0
1756 10 0
1757 10 0
1758 10 0
1759 10 0
1760 10 0
1761 10 0
1762 10 0
1763 10 0
1764 10 0
1765 10 0
1766 10 0
1767 10 0
1768 10 0
1769 10 0
1770 10 0
1771 10 0
1772 10 0
1773 10 0
1774 10 0
1775 10 0
1776 10 0
1777 10 0
1778 10 0
1779 10 0
1780 10 0
1781 10 0
1782 10 0
1783 10 0
1784 10 0
1785 10 0
1786 10 0
1787 10 0
1788 10 0
1789 10 0
1790 10 0
1791 10 0
1792 10 0
1793 10 0
1794 10 0
1795 10 0
1796 10 0
1797 10 0
1798 10 0
1799 10 0
1800 10 0
1801 10 0
1802 10 0
1803 10 0
1804 10 0
1805 10 0
1806 10 0
1807 10 0
1808 10 0
1809 10 0
1810 10 0
1811 10 0
1812 10 0
1813 10 0
1814 10 0
1815 10 0
1816 10 0
1817 10 0
1818 10 0
1819 10 0
1820 10 0
1821 10 0
1822 10 0
1823 10 0
1824 10 0
1825 10 0
1826 10 0
1827 10 0
1828 10 0
1829 10 0
1830 10 0
1831 10 0
1832 10 0
1833 10 0
1834 10 0
1835 10 0
1836 10 0
1837 10 0
1838 10 0
1839 10 0
1840 10 0
1841 10 0
1842 10 0
1843 10 0
1844 10 0
1845 10 0
1846 10 0
1847 10 0
1848 10 0
1849 10 0
1850 10 0
1851 10 0
1852 10 0
1853 10 0
1854 10 0
1855 10 0
1856 10 0
1857 10 0
1858 10 0.0
1859 10 0.6931471805599453
1860 10 0.6931471805599453
1861 10 2.0794415416798357
1862 10 2.302585092994046
1863 10 2.302585092994046
1864 10 3.044522437723423
1865 10 3.1354942159291497
1866 10 4.219507705176107
1867 10 6.47543271670409
1868 10 7.88344635413774
1869 10 8.323365694436081
1870 10 8.323365694436081
1871 10 8.323365694436081
1872 10 8.323365694436081
1873 10 8.323365694436081
1874 10 8.323365694436081
1875 10 8.323365694436081
1876 10 8.818038250394299
1877 11 0
1878 11 0
1879 11 0
1880 11 0
1881 11 0
1882 11 0
1883 11 0
1884 11 0
1885 11 0
1886 11 0
1887 11 0
1888 11 0
1889 11 0
1890 11 0
1891 11 0
1892 11 0
1893 11 0
1894 11 0
1895 11 0
1896 11 0
1897 11 0
1898 11 0
1899 11 0
1900 11 0
1901 11 0
1902 11 0
1903 11 0
1904 11 0
1905 11 0
1906 11 0
1907 11 0
1908 11 0
1909 11 0
1910 11 0
1911 11 0
1912 11 0
1913 11 0
1914 11 0
1915 11 0
1916 11 0
1917 11 0
1918 11 0
1919 11 0
1920 11 0
1921 11 0
1922 11 0
1923 11 0
1924 11 0
1925 11 0
1926 11 0
1927 11 0
1928 11 0
1929 11 0
1930 11 0
1931 11 0
1932 11 0
1933 11 0
1934 11 0
1935 11 0
1936 11 0
1937 11 0
1938 11 0
1939 11 0
1940 11 0
1941 11 0
1942 11 0
1943 11 0
1944 11 0
1945 11 0
1946 11 0
1947 11 0
1948 11 0
1949 11 0
1950 11 0
1951 11 0
1952 11 0
1953 11 0
1954 11 0
1955 11 0
1956 11 0
1957 11 0
1958 11 0
1959 11 0
1960 11 0
1961 11 0
1962 11 0
1963 11 0
1964 11 0
1965 11 0
1966 11 0
1967 11 0
1968 11 0
1969 11 0
1970 11 0
1971 11 0
1972 11 0
1973 11 0
1974 11 0
1975 11 0
1976 11 0
1977 11 0
1978 11 0
1979 11 0
1980 11 0
1981 11 0
1982 11 0
1983 11 0
1984 11 0
1985 11 0
1986 11 0
1987 11 0
1988 11 0
1989 11 0
1990 11 0
1991 11 0
1992 11 0
1993 11 0
1994 11 0
1995 11 1.0986122886681098
1996 11 1.791759469228055
1997 11 1.9459101490553132
1998 11 2.302585092994046
1999 11 2.302585092994046
2000 11 4.219507705176107
2001 11 7.88344635413774
2002 11 8.323365694436081
2003 11 8.323365694436081
2004 11 8.323365694436081
2005 11 8.323365694436081
2006 11 8.323365694436081
2007 11 8.323365694436081
2008 11 8.323365694436081
2009 11 8.790725628263576
2010 12 0
2011 12 0
2012 12 0
2013 12 0
2014 12 0
2015 12 0
2016 12 0
2017 12 0
2018 12 0
2019 12 0
2020 12 0
2021 12 0
2022 12 0
2023 12 0
2024 12 0
2025 12 0
2026 12 0
2027 12 0
2028 12 0
2029 12 0
2030 12 0
2031 12 0
2032 12 0
2033 12 0
2034 12 0
2035 12 0
2036 12 0
2037 12 0
2038 12 0
2039 12 0
2040 12 0
2041 12 0
2042 12 0
2043 12 0
2044 12 0
2045 12 0
2046 12 0
2047 12 0
2048 12 0
2049 12 0
2050 12 0
2051 12 0
2052 12 0
2053 12 0
2054 12 0
2055 12 0
2056 12 0
2057 12 0
2058 12 0
2059 12 0
2060 12 0
2061 12 0
2062 12 0
2063 12 0
2064 12 0
2065 12 0
2066 12 0
2067 12 0
2068 12 0
2069 12 0
2070 12 0
2071 12 0
2072 12 0
2073 12 0
2074 12 0
2075 12 0
2076 12 0
2077 12 0
2078 12 0
2079 12 0
2080 12 0
2081 12 0
2082 12 0
2083 12 0
2084 12 0
2085 12 0
2086 12 0
2087 12 0
2088 12 0
2089 12 0
2090 12 0
2091 12 0
2092 12 0
2093 12 0
2094 12 0
2095 12 0
2096 12 0
2097 12 0
2098 12 0
2099 12 0
2100 12 0
2101 12 0
2102 12 0
2103 12 0
2104 12 0
2105 12 0
2106 12 0
2107 12 0
2108 12 0
2109 12 0
2110 12 0
2111 12 0
2112 12 0
2113 12 0
2114 12 0
2115 12 0
2116 12 0
2117 12 0
2118 12 0
2119 12 0
2120 12 0
2121 12 0
2122 12 0
2123 12 0.0
2124 12 0.0
2125 12 2.1972245773362196
2126 12 2.1972245773362196
2127 12 3.4965075614664802
2128 12 7.6783263565068856
2129 12 7.6783263565068856
2130 12 7.88344635413774
2131 12 8.15162164696975
2132 12 8.241966560231802
2133 12 8.250358951477294
2134 12 8.256607344626158
2135 12 8.281977058867758
2136 12 8.322880021769905
2137 12 8.322880021769905
2138 12 8.322880021769905
2139 12 8.322880021769905
2140 12 8.322880021769905
2141 12 8.322880021769905
2142 12 8.322880021769905
2143 12 8.771059915373288
2144 13 0
2145 13 0
2146 13 0
2147 13 0
2148 13 0
2149 13 0
2150 13 0
2151 13 0
2152 13 0
2153 13 0
2154 13 0
2155 13 0
2156 13 0
2157 13 0
2158 13 0
2159 13 0
2160 13 0
2161 13 0
2162 13 0
2163 13 0
2164 13 0
2165 13 0
2166 13 0
2167 13 0
2168 13 0
2169 13 0
2170 13 0
2171 13 0
2172 13 0
2173 13 0
2174 13 0
2175 13 0
2176 13 0
2177 13 0
2178 13 0
2179 13 0
2180 13 0
2181 13 0
2182 13 0
2183 13 0
2184 13 0
2185 13 0
2186 13 0
2187 13 0
2188 13 0
2189 13 0
2190 13 0
2191 13 0
2192 13 0
2193 13 0
2194 13 0
2195 13 0
2196 13 0
2197 13 0
2198 13 0
2199 13 0
2200 13 0
2201 13 0
2202 13 0
2203 13 0
2204 13 0
2205 13 0
2206 13 0
2207 13 0
2208 13 0
2209 13 0
2210 13 0
2211 13 0
2212 13 0
2213 13 0
2214 13 0
2215 13 0
2216 13 0
2217 13 0
2218 13 0
2219 13 0
2220 13 0
2221 13 0
2222 13 0
2223 13 0
2224 13 0
2225 13 0
2226 13 0
2227 13 0
2228 13 0
2229 13 0
2230 13 0
2231 13 0
2232 13 0
2233 13 0
2234 13 0
2235 13 0
2236 13 0
2237 13 0
2238 13 0
2239 13 0
2240 13 0
2241 13 0
2242 13 0
2243 13 0
2244 13 0
2245 13 0
2246 13 0
2247 13 0
2248 13 0
2249 13 0
2250 13 0
2251 13 0
2252 13 0
2253 13 0
2254 13 0
2255 13 0.0
2256 13 0.0
2257 13 0.0
2258 13 2.4849066497880004
2259 13 3.4011973816621555
2260 13 4.634728988229636
2261 13 5.69035945432406
2262 13 5.929589143389895
2263 13 7.602900462204755
2264 13 7.602900462204755
2265 13 7.878912912297133
2266 13 8.762333040602343
2267 14 0
2268 14 0
2269 14 0
2270 14 0
2271 14 0
2272 14 0
2273 14 0
2274 14 0
2275 14 0
2276 14 0
2277 14 0
2278 14 0
2279 14 0
2280 14 0
2281 14 0
2282 14 0
2283 14 0
2284 14 0
2285 14 0
2286 14 0
2287 14 0
2288 14 0
2289 14 0
2290 14 0
2291 14 0
2292 14 0
2293 14 0
2294 14 0
2295 14 0
2296 14 0
2297 14 0
2298 14 0
2299 14 0
2300 14 0
2301 14 0
2302 14 0
2303 14 0
2304 14 0
2305 14 0
2306 14 0
2307 14 0
2308 14 0
2309 14 0
2310 14 0
2311 14 0
2312 14 0
2313 14 0
2314 14 0
2315 14 0
2316 14 0
2317 14 0
2318 14 0
2319 14 0
2320 14 0
2321 14 0
2322 14 0
2323 14 0
2324 14 0
2325 14 0
2326 14 0
2327 14 0
2328 14 0
2329 14 0
2330 14 0
2331 14 0
2332 14 0
2333 14 0
2334 14 0
2335 14 0
2336 14 0
2337 14 0
2338 14 0
2339 14 0
2340 14 0
2341 14 0
2342 14 0
2343 14 0
2344 14 0
2345 14 0
2346 14 0
2347 14 0
2348 14 0
2349 14 0
2350 14 0
2351 14 0
2352 14 0
2353 14 0
2354 14 0
2355 14 0
2356 14 0
2357 14 0
2358 14 0
2359 14 0
2360 14 0
2361 14 0
2362 14 0
2363 14 0
2364 14 0
2365 14 0
2366 14 0
2367 14 0
2368 14 0
2369 14 0
2370 14 0
2371 14 0
2372 14 0
2373 14 0
2374 14 0
2375 14 0
2376 14 0
2377 14 0
2378 14 0
2379 14 0.0
2380 14 3.332204510175204
2381 14 3.4011973816621555
2382 14 6.152732694704104
2383 14 6.152732694704104
2384 14 7.878912912297133
2385 14 8.694167141883597
2386 15 0
2387 15 0
2388 15 0
2389 15 0
2390 15 0
2391 15 0
2392 15 0
2393 15 0
2394 15 0
2395 15 0
2396 15 0
2397 15 0
2398 15 0
2399 15 0
2400 15 0
2401 15 0
2402 15 0
2403 15 0
2404 15 0
2405 15 0
2406 15 0
2407 15 0
2408 15 0
2409 15 0
2410 15 0
2411 15 0
2412 15 0
2413 15 0
2414 15 0
2415 15 0
2416 15 0
2417 15 0
2418 15 0
2419 15 0
2420 15 0
2421 15 0
2422 15 0
2423 15 0
2424 15 0
2425 15 0
2426 15 0
2427 15 0
2428 15 0
2429 15 0
2430 15 0
2431 15 0
2432 15 0
2433 15 0
2434 15 0
2435 15 0
2436 15 0
2437 15 0
2438 15 0
2439 15 0
2440 15 0
2441 15 0
2442 15 0
2443 15 0
2444 15 0
2445 15 0
2446 15 0
2447 15 0
2448 15 0
2449 15 0
2450 15 0
2451 15 0
2452 15 0
2453 15 0
2454 15 0
2455 15 0
2456 15 0
2457 15 0
2458 15 0
2459 15 0
2460 15 0
2461 15 0
2462 15 0
2463 15 0
2464 15 0
2465 15 0
2466 15 0
2467 15 0
2468 15 0
2469 15 0
2470 15 0
2471 15 0
2472 15 0
2473 15 0
2474 15 0
2475 15 0
2476 15 0
2477 15 0
2478 15 0
2479 15 0
2480 15 0
2481 15 0
2482 15 0
2483 15 0
2484 15 0
2485 15 0
2486 15 0
2487 15 0
2488 15 0
2489 15 0
2490 15 0
2491 15 0
2492 15 0
2493 15 0.0
2494 15 3.4011973816621555
2495 15 6.152732694704104
2496 15 6.152732694704104
2497 15 7.878912912297133
2498 15 8.6652683094816
2499 16 0
2500 16 0
2501 16 0
2502 16 0
2503 16 0
2504 16 0
2505 16 0
2506 16 0
2507 16 0
2508 16 0
2509 16 0
2510 16 0
2511 16 0
2512 16 0
2513 16 0
2514 16 0
2515 16 0
2516 16 0
2517 16 0
2518 16 0
2519 16 0
2520 16 0
2521 16 0
2522 16 0
2523 16 0
2524 16 0
2525 16 0
2526 16 0
2527 16 0
2528 16 0
2529 16 0
2530 16 0
2531 16 0
2532 16 0
2533 16 0
2534 16 0
2535 16 0
2536 16 0
2537 16 0
2538 16 0
2539 16 0
2540 16 0
2541 16 0
2542 16 0
2543 16 0
2544 16 0
2545 16 0
2546 16 0
2547 16 0
2548 16 0
2549 16 0
2550 16 0
2551 16 0
2552 16 0
2553 16 0
2554 16 0
2555 16 0
2556 16 0
2557 16 0
2558 16 0
2559 16 0
2560 16 0
2561 16 0
2562 16 0
2563 16 0
2564 16 0
2565 16 0
2566 16 0
2567 16 0
2568 16 0
2569 16 0
2570 16 0
2571 16 0
2572 16 0
2573 16 0
2574 16 0
2575 16 0
2576 16 0
2577 16 0
2578 16 0
2579 16 0
2580 16 0
2581 16 0
2582 16 0
2583 16 0
2584 16 0
2585 16 0
2586 16 0
2587 16 0
2588 16 0
2589 16 0
2590 16 0
2591 16 0
2592 16 0
2593 16 0
2594 16 0
2595 16 0
2596 16 0
2597 16 0
2598 16 0
2599 16 0
2600 16 0
2601 16 0
2602 16 0
2603 16 0
2604 16 0
2605 16 0
2606 16 1.0986122886681098
2607 16 1.9459101490553132
2608 16 7.201916317531627
2609 16 8.648572269472618
2610 17 0
2611 17 0
2612 17 0
2613 17 0
2614 17 0
2615 17 0
2616 17 0
2617 17 0
2618 17 0
2619 17 0
2620 17 0
2621 17 0
2622 17 0
2623 17 0
2624 17 0
2625 17 0
2626 17 0
2627 17 0
2628 17 0
2629 17 0
2630 17 0
2631 17 0
2632 17 0
2633 17 0
2634 17 0
2635 17 0
2636 17 0
2637 17 0
2638 17 0
2639 17 0
2640 17 0
2641 17 0
2642 17 0
2643 17 0
2644 17 0
2645 17 0
2646 17 0
2647 17 0
2648 17 0
2649 17 0
2650 17 0
2651 17 0
2652 17 0
2653 17 0
2654 17 0
2655 17 0
2656 17 0
2657 17 0
2658 17 0
2659 17 0
2660 17 0
2661 17 0
2662 17 0
2663 17 0
2664 17 0
2665 17 0
2666 17 0
2667 17 0
2668 17 0
2669 17 0
2670 17 0
2671 17 0
2672 17 0
2673 17 0
2674 17 0
2675 17 0
2676 17 0
2677 17 0
2678 17 0
2679 17 0
2680 17 0
2681 17 0
2682 17 0
2683 17 0
2684 17 0
2685 17 0
2686 17 0
2687 17 0
2688 17 0
2689 17 0
2690 17 0
2691 17 0
2692 17 0
2693 17 0
2694 17 0
2695 17 0
2696 17 0
2697 17 0
2698 17 0
2699 17 0
2700 17 0
2701 17 0
2702 17 0
2703 17 0
2704 17 0
2705 17 0
2706 17 0
2707 17 0
2708 17 0
2709 17 0
2710 17 0
2711 17 0
2712 17 0
2713 17 0
2714 17 0
2715 17 7.197435354096591
2716 17 7.791109510610028
2717 18 0
2718 18 0
2719 18 0
2720 18 0
2721 18 0
2722 18 0
2723 18 0
2724 18 0
2725 18 0
2726 18 0
2727 18 0
2728 18 0
2729 18 0
2730 18 0
2731 18 0
2732 18 0
2733 18 0
2734 18 0
2735 18 0
2736 18 0
2737 18 0
2738 18 0
2739 18 0
2740 18 0
2741 18 0
2742 18 0
2743 18 0
2744 18 0
2745 18 0
2746 18 0
2747 18 0
2748 18 0
2749 18 0
2750 18 0
2751 18 0
2752 18 0
2753 18 0
2754 18 0
2755 18 0
2756 18 0
2757 18 0
2758 18 0
2759 18 0
2760 18 0
2761 18 0
2762 18 0
2763 18 0
2764 18 0
2765 18 0
2766 18 0
2767 18 0
2768 18 0
2769 18 0
2770 18 0
2771 18 0
2772 18 0
2773 18 0
2774 18 0
2775 18 0
2776 18 0
2777 18 0
2778 18 0
2779 18 0
2780 18 0
2781 18 0
2782 18 0
2783 18 0
2784 18 0
2785 18 0
2786 18 0
2787 18 0
2788 18 0
2789 18 0
2790 18 0
2791 18 0
2792 18 0
2793 18 0
2794 18 0
2795 18 0
2796 18 0
2797 18 0
2798 18 0
2799 18 0
2800 18 0
2801 18 0
2802 18 0
2803 18 0
2804 18 0
2805 18 0
2806 18 0
2807 18 0
2808 18 0
2809 18 0
2810 18 0
2811 18 0
2812 18 0
2813 18 0
2814 18 0
2815 18 0
2816 18 7.197435354096591
2817 18 7.293017679772782
2818 19 0
2819 19 0
2820 19 0
2821 19 0
2822 19 0
2823 19 0
2824 19 0
2825 19 0
2826 19 0
2827 19 0
2828 19 0
2829 19 0
2830 19 0
2831 19 0
2832 19 0
2833 19 0
2834 19 0
2835 19 0
2836 19 0
2837 19 0
2838 19 0
2839 19 0
2840 19 0
2841 19 0
2842 19 0
2843 19 0
2844 19 0
2845 19 0
2846 19 0
2847 19 0
2848 19 0
2849 19 0
2850 19 0
2851 19 0
2852 19 0
2853 19 0
2854 19 0
2855 19 0
2856 19 0
2857 19 0
2858 19 0
2859 19 0
2860 19 0
2861 19 0
2862 19 0
2863 19 0
2864 19 0
2865 19 0
2866 19 0
2867 19 0
2868 19 0
2869 19 0
2870 19 0
2871 19 0
2872 19 0
2873 19 0
2874 19 0
2875 19 0
2876 19 0
2877 19 0
2878 19 0
2879 19 0
2880 19 0
2881 19 0
2882 19 0
2883 19 0
2884 19 0
2885 19 0
2886 19 0
2887 19 0
2888 19 0
2889 19 0
2890 19 0
2891 19 0
2892 19 0
2893 19 0
2894 19 0
2895 19 0
2896 19 0
2897 19 0
2898 19 0
2899 19 0
2900 19 0
2901 19 0
2902 19 0
2903 19 0
2904 19 0
2905 19 0
2906 19 0
2907 19 0
2908 19 0
2909 19 0
2910 19 0
2911 19 0
2912 19 0
2913 19 7.197435354096591
2914 19 7.275864600546533
2915 20 0
2916 20 0
2917 20 0
2918 20 0
2919 20 0
2920 20 0
2921 20 0
2922 20 0
2923 20 0
2924 20 0
2925 20 0
2926 20 0
2927 20 0
2928 20 0
2929 20 0
2930 20 0
2931 20 0
2932 20 0
2933 20 0
2934 20 0
2935 20 0
2936 20 0
2937 20 0
2938 20 0
2939 20 0
2940 20 0
2941 20 0
2942 20 0
2943 20 0
2944 20 0
2945 20 0
2946 20 0
2947 20 0
2948 20 0
2949 20 0
2950 20 0
2951 20 0
2952 20 0
2953 20 0
2954 20 0
2955 20 0
2956 20 0
2957 20 0
2958 20 0
2959 20 0
2960 20 0
2961 20 0
2962 20 0
2963 20 0
2964 20 0
2965 20 0
2966 20 0
2967 20 0
2968 20 0
2969 20 0
2970 20 0
2971 20 0
2972 20 0
2973 20 0
2974 20 0
2975 20 0
2976 20 0
2977 20 0
2978 20 0
2979 20 0
2980 20 0
2981 20 0
2982 20 0
2983 20 0
2984 20 0
2985 20 0
2986 20 0
2987 20 0
2988 20 0
2989 20 0
2990 20 0
2991 20 0
2992 20 0
2993 20 0
2994 20 0
2995 20 0
2996 20 0
2997 20 0
2998 20 0
2999 20 0
3000 20 0
3001 20 0
3002 20 0
3003 20 0
3004 20 2.302585092994046
3005 20 7.258412150595307
3006 21 0
3007 21 0
3008 21 0
3009 21 0
3010 21 0
3011 21 0
3012 21 0
3013 21 0
3014 21 0
3015 21 0
3016 21 0
3017 21 0
3018 21 0
3019 21 0
3020 21 0
3021 21 0
3022 21 0
3023 21 0
3024 21 0
3025 21 0
3026 21 0
3027 21 0
3028 21 0
3029 21 0
3030 21 0
3031 21 0
3032 21 0
3033 21 0
3034 21 0
3035 21 0
3036 21 0
3037 21 0
3038 21 0
3039 21 0
3040 21 0
3041 21 0
3042 21 0
3043 21 0
3044 21 0
3045 21 0
3046 21 0
3047 21 0
3048 21 0
3049 21 0
3050 21 0
3051 21 0
3052 21 0
3053 21 0
3054 21 0
3055 21 0
3056 21 0
3057 21 0
3058 21 0
3059 21 0
3060 21 0
3061 21 0
3062 21 0
3063 21 0
3064 21 0
3065 21 0
3066 21 0
3067 21 0
3068 21 0
3069 21 0
3070 21 0
3071 21 0
3072 21 0
3073 21 0
3074 21 0
3075 21 0
3076 21 0
3077 21 0
3078 21 0
3079 21 0
3080 21 0
3081 21 0
3082 21 0
3083 21 0
3084 21 0
3085 21 0
3086 21 0
3087 21 0
3088 21 0
3089 21 0
3090 21 0
3091 21 1.6094379124341003
3092 21 7.252053951852814
3093 22 0
3094 22 0
3095 22 0
3096 22 0
3097 22 0
3098 22 0
3099 22 0
3100 22 0
3101 22 0
3102 22 0
3103 22 0
3104 22 0
3105 22 0
3106 22 0
3107 22 0
3108 22 0
3109 22 0
3110 22 0
3111 22 0
3112 22 0
3113 22 0
3114 22 0
3115 22 0
3116 22 0
3117 22 0
3118 22 0
3119 22 0
3120 22 0
3121 22 0
3122 22 0
3123 22 0
3124 22 0
3125 22 0
3126 22 0
3127 22 0
3128 22 0
3129 22 0
3130 22 0
3131 22 0
3132 22 0
3133 22 0
3134 22 0
3135 22 0
3136 22 0
3137 22 0
3138 22 0
3139 22 0
3140 22 0
3141 22 0
3142 22 0
3143 22 0
3144 22 0
3145 22 0
3146 22 0
3147 22 0
3148 22 0
3149 22 0
3150 22 0
3151 22 0
3152 22 0
3153 22 0
3154 22 0
3155 22 0
3156 22 0
3157 22 0
3158 22 0
3159 22 0
3160 22 0
3161 22 0
3162 22 0
3163 22 0
3164 22 0
3165 22 0
3166 22 0
3167 22 0
3168 22 0
3169 22 0
3170 22 0
3171 22 0
3172 22 0
3173 22 7.229113877793302
3174 23 0
3175 23 0
3176 23 0
3177 23 0
3178 23 0
3179 23 0
3180 23 0
3181 23 0
3182 23 0
3183 23 0
3184 23 0
3185 23 0
3186 23 0
3187 23 0
3188 23 0
3189 23 0
3190 23 0
3191 23 0
3192 23 0
3193 23 0
3194 23 0
3195 23 0
3196 23 0
3197 23 0
3198 23 0
3199 23 0
3200 23 0
3201 23 0
3202 23 0
3203 23 0
3204 23 0
3205 23 0
3206 23 0
3207 23 0
3208 23 0
3209 23 0
3210 23 0
3211 23 0
3212 23 0
3213 23 0
3214 23 0
3215 23 0
3216 23 0
3217 23 0
3218 23 0
3219 23 0
3220 23 0
3221 23 0
3222 23 0
3223 23 0
3224 23 0
3225 23 0
3226 23 0
3227 23 0
3228 23 0
3229 23 0
3230 23 0
3231 23 0
3232 23 0
3233 23 0
3234 23 0
3235 23 0
3236 23 0
3237 23 0
3238 23 0
3239 23 0
3240 23 0
3241 23 0
3242 23 0
3243 23 0
3244 23 0
3245 23 0
3246 23 0
3247 23 0
3248 23 7.16703787691222
3249 24 0
3250 24 0
3251 24 0
3252 24 0
3253 24 0
3254 24 0
3255 24 0
3256 24 0
3257 24 0
3258 24 0
3259 24 0
3260 24 0
3261 24 0
3262 24 0
3263 24 0
3264 24 0
3265 24 0
3266 24 0
3267 24 0
3268 24 0
3269 24 0
3270 24 0
3271 24 0
3272 24 0
3273 24 0
3274 24 0
3275 24 0
3276 24 0
3277 24 0
3278 24 0
3279 24 0
3280 24 0
3281 24 0
3282 24 0
3283 24 0
3284 24 0
3285 24 0
3286 24 0
3287 24 0
3288 24 0
3289 24 0
3290 24 0
3291 24 0
3292 24 0
3293 24 0
3294 24 0
3295 24 0
3296 24 0
3297 24 0
3298 24 0
3299 24 0
3300 24 0
3301 24 0
3302 24 0
3303 24 0
3304 24 0
3305 24 0
3306 24 0
3307 24 0
3308 24 0
3309 24 0
3310 24 0
3311 24 0
3312 24 0
3313 24 0
3314 24 0
3315 24 0
3316 24 0
3317 24 1.3862943611198906
3318 25 0
3319 25 0
3320 25 0
3321 25 0
3322 25 0
3323 25 0
3324 25 0
3325 25 0
3326 25 0
3327 25 0
3328 25 0
3329 25 0
3330 25 0
3331 25 0
3332 25 0
3333 25 0
3334 25 0
3335 25 0
3336 25 0
3337 25 0
3338 25 0
3339 25 0
3340 25 0
3341 25 0
3342 25 0
3343 25 0
3344 25 0
3345 25 0
3346 25 0
3347 25 0
3348 25 0
3349 25 0
3350 25 0
3351 25 0
3352 25 0
3353 25 0
3354 25 0
3355 25 0
3356 25 0
3357 25 0
3358 25 0
3359 25 0
3360 25 0
3361 25 0
3362 25 0
3363 25 0
3364 25 0
3365 25 0
3366 25 0
3367 25 0
3368 25 0
3369 25 0
3370 25 0
3371 25 0
3372 25 0
3373 25 0
3374 25 0
3375 25 0
3376 25 0
3377 25 0
3378 25 0
3379 25 0
3380 25 0.0
3381 26 0
3382 26 0
3383 26 0
3384 26 0
3385 26 0
3386 26 0
3387 26 0
3388 26 0
3389 26 0
3390 26 0
3391 26 0
3392 26 0
3393 26 0
3394 26 0
3395 26 0
3396 26 0
3397 26 0
3398 26 0
3399 26 0
3400 26 0
3401 26 0
3402 26 0
3403 26 0
3404 26 0
3405 26 0
3406 26 0
3407 26 0
3408 26 0
3409 26 0
3410 26 0
3411 26 0
3412 26 0
3413 26 0
3414 26 0
3415 26 0
3416 26 0
3417 26 0
3418 26 0
3419 26 0
3420 26 0
3421 26 0
3422 26 0
3423 26 0
3424 26 0
3425 26 0
3426 26 0
3427 26 0
3428 26 0
3429 26 0
3430 26 0
3431 26 0
3432 26 0
3433 26 0
3434 26 0
3435 26 0
3436 26 0
3437 27 0
3438 27 0
3439 27 0
3440 27 0
3441 27 0
3442 27 0
3443 27 0
3444 27 0
3445 27 0
3446 27 0
3447 27 0
3448 27 0
3449 27 0
3450 27 0
3451 27 0
3452 27 0
3453 27 0
3454 27 0
3455 27 0
3456 27 0
3457 27 0
3458 27 0
3459 27 0
3460 27 0
3461 27 0
3462 27 0
3463 27 0
3464 27 0
3465 27 0
3466 27 0
3467 27 0
3468 27 0
3469 27 0
3470 27 0
3471 27 0
3472 27 0
3473 27 0
3474 27 0
3475 27 0
3476 27 0
3477 27 0
3478 27 0
3479 27 0
3480 27 0
3481 27 0
3482 27 0
3483 27 0
3484 27 0
3485 27 0
3486 27 0
3487 27 0
3488 27 0
3489 27 0
3490 28 0
3491 28 0
3492 28 0
3493 28 0
3494 28 0
3495 28 0
3496 28 0
3497 28 0
3498 28 0
3499 28 0
3500 28 0
3501 28 0
3502 28 0
3503 28 0
3504 28 0
3505 28 0
3506 28 0
3507 28 0
3508 28 0
3509 28 0
3510 28 0
3511 28 0
3512 28 0
3513 28 0
3514 28 0
3515 28 0
3516 28 0
3517 28 0
3518 28 0
3519 28 0
3520 28 0
3521 28 0
3522 28 0
3523 28 0
3524 28 0
3525 28 0
3526 28 0
3527 28 0
3528 28 0
3529 28 0
3530 28 0
3531 28 0
3532 28 0
3533 28 0
3534 28 0
3535 28 0
3536 28 0
3537 28 0
3538 28 0
3539 29 0
3540 29 0
3541 29 0
3542 29 0
3543 29 0
3544 29 0
3545 29 0
3546 29 0
3547 29 0
3548 29 0
3549 29 0
3550 29 0
3551 29 0
3552 29 0
3553 29 0
3554 29 0
3555 29 0
3556 29 0
3557 29 0
3558 29 0
3559 29 0
3560 29 0
3561 29 0
3562 29 0
3563 29 0
3564 29 0
3565 29 0
3566 29 0
3567 29 0
3568 29 0
3569 29 0
3570 29 0
3571 29 0
3572 29 0
3573 29 0
3574 29 0
3575 29 0
3576 29 0
3577 29 0
3578 29 0
3579 29 0
3580 29 0
3581 29 0
3582 29 0
3583 29 0
3584 29 0
3585 30 0
3586 30 0
3587 30 0
3588 30 0
3589 30 0
3590 30 0
3591 30 0
3592 30 0
3593 30 0
3594 30 0
3595 30 0
3596 30 0
3597 30 0
3598 30 0
3599 30 0
3600 30 0
3601 30 0
3602 30 0
3603 30 0
3604 30 0
3605 30 0
3606 30 0
3607 30 0
3608 30 0
3609 30 0
3610 30 0
3611 30 0
3612 30 0
3613 30 0
3614 30 0
3615 30 0
3616 30 0
3617 30 0
3618 30 0
3619 30 0
3620 30 0
3621 30 0
3622 30 0
3623 30 0
3624 30 0
3625 31 0
3626 31 0
3627 31 0
3628 31 0
3629 31 0
3630 31 0
3631 31 0
3632 31 0
3633 31 0
3634 31 0
3635 31 0
3636 31 0
3637 31 0
3638 31 0
3639 31 0
3640 31 0
3641 31 0
3642 31 0
3643 31 0
3644 31 0
3645 31 0
3646 31 0
3647 31 0
3648 31 0
3649 31 0
3650 31 0
3651 31 0
3652 31 0
3653 31 0
3654 31 0
3655 31 0
3656 31 0
3657 31 0
3658 31 0
3659 31 0
3660 32 0
3661 32 0
3662 32 0
3663 32 0
3664 32 0
3665 32 0
3666 32 0
3667 32 0
3668 32 0
3669 32 0
3670 32 0
3671 32 0
3672 32 0
3673 32 0
3674 32 0
3675 32 0
3676 32 0
3677 32 0
3678 32 0
3679 32 0
3680 32 0
3681 32 0
3682 32 0
3683 32 0
3684 32 0
3685 32 0
3686 32 0
3687 32 0
3688 32 0
3689 32 0
3690 32 0
3691 32 0
3692 33 0
3693 33 0
3694 33 0
3695 33 0
3696 33 0
3697 33 0
3698 33 0
3699 33 0
3700 33 0
3701 33 0
3702 33 0
3703 33 0
3704 33 0
3705 33 0
3706 33 0
3707 33 0
3708 33 0
3709 33 0
3710 33 0
3711 33 0
3712 33 0
3713 33 0
3714 33 0
3715 33 0
3716 33 0
3717 33 0
3718 33 0
3719 33 0
3720 33 0
3721 33 0
3722 33 0
3723 33 0
3724 34 0
3725 34 0
3726 34 0
3727 34 0
3728 34 0
3729 34 0
3730 34 0
3731 34 0
3732 34 0
3733 34 0
3734 34 0
3735 34 0
3736 34 0
3737 34 0
3738 34 0
3739 34 0
3740 34 0
3741 34 0
3742 34 0
3743 34 0
3744 34 0
3745 34 0
3746 34 0
3747 34 0
3748 34 0
3749 34 0
3750 34 0
3751 34 0
3752 34 0
3753 34 0
3754 34 0
3755 35 0
3756 35 0
3757 35 0
3758 35 0
3759 35 0
3760 35 0
3761 35 0
3762 35 0
3763 35 0
3764 35 0
3765 35 0
3766 35 0
3767 35 0
3768 35 0
3769 35 0
3770 35 0
3771 35 0
3772 35 0
3773 35 0
3774 35 0
3775 35 0
3776 35 0
3777 35 0
3778 35 0
3779 35 0
3780 35 0
3781 36 0
3782 36 0
3783 36 0
3784 36 0
3785 36 0
3786 36 0
3787 36 0
3788 36 0
3789 36 0
3790 36 0
3791 36 0
3792 36 0
3793 36 0
3794 36 0
3795 36 0
3796 36 0
3797 36 0
3798 36 0
3799 36 0
3800 36 0
3801 36 0
3802 36 0
3803 36 0
3804 36 0
3805 36 0
3806 37 0
3807 37 0
3808 37 0
3809 37 0
3810 37 0
3811 37 0
3812 37 0
3813 37 0
3814 37 0
3815 37 0
3816 37 0
3817 37 0
3818 37 0
3819 37 0
3820 37 0
3821 37 0
3822 37 0
3823 37 0
3824 37 0
3825 37 0
3826 37 0
3827 37 0
3828 37 0
3829 37 0
3830 37 0
3831 38 0
3832 38 0
3833 38 0
3834 38 0
3835 38 0
3836 38 0
3837 38 0
3838 38 0
3839 38 0
3840 38 0
3841 38 0
3842 38 0
3843 38 0
3844 38 0
3845 38 0
3846 38 0
3847 38 0
3848 38 0
3849 38 0
3850 38 0
3851 38 0
3852 38 0
3853 38 0
3854 38 0
3855 39 0
3856 39 0
3857 39 0
3858 39 0
3859 39 0
3860 39 0
3861 39 0
3862 39 0
3863 39 0
3864 39 0
3865 39 0
3866 39 0
3867 39 0
3868 39 0
3869 39 0
3870 39 0
3871 39 0
3872 39 0
3873 39 0
3874 39 0
3875 39 0
3876 39 0
3877 40 0
3878 40 0
3879 40 0
3880 40 0
3881 40 0
3882 40 0
3883 40 0
3884 40 0
3885 40 0
3886 40 0
3887 40 0
3888 40 0
3889 40 0
3890 40 0
3891 40 0
3892 40 0
3893 40 0
3894 40 0
3895 40 0
3896 40 0
3897 41 0
3898 41 0
3899 41 0
3900 41 0
3901 41 0
3902 41 0
3903 41 0
3904 41 0
3905 41 0
3906 41 0
3907 41 0
3908 41 0
3909 41 0
3910 41 0
3911 41 0
3912 41 0
3913 41 0
3914 41 0
3915 42 0
3916 42 0
3917 42 0
3918 42 0
3919 42 0
3920 42 0
3921 42 0
3922 42 0
3923 42 0
3924 42 0
3925 42 0
3926 42 0
3927 42 0
3928 42 0
3929 43 0
3930 43 0
3931 43 0
3932 43 0
3933 43 0
3934 43 0
3935 43 0
3936 43 0
3937 43 0
3938 43 0
3939 43 0
3940 43 0
3941 43 0
3942 44 0
3943 44 0
3944 44 0
3945 44 0
3946 44 0
3947 44 0
3948 44 0
3949 44 0
3950 44 0
3951 44 0
3952 44 0
3953 44 0
3954 44 0
3955 45 0
3956 45 0
3957 45 0
3958 45 0
3959 45 0
3960 45 0
3961 45 0
3962 45 0
3963 45 0
3964 45 0
3965 45 0
3966 45 0
3967 46 0
3968 46 0
3969 46 0
3970 46 0
3971 46 0
3972 46 0
3973 46 0
3974 46 0
3975 47 0
3976 47 0
3977 47 0
3978 47 0
3979 47 0
3980 47 0
3981 47 0
3982 47 0
3983 47 0
3984 48 0
3985 48 0
3986 48 0
3987 48 0
3988 48 0
3989 48 0
3990 48 0
3991 49 0
3992 49 0
3993 49 0
3994 49 0
3995 49 0
3996 49 0
3997 50 0
3998 50 0
3999 50 0
4000 50 0
4001 50 0
4002 50 0
4003 51 0
4004 51 0
4005 51 0
4006 51 0
4007 51 0
4008 51 0
4009 52 0
4010 52 0
4011 52 0
4012 52 0
4013 52 0
4014 53 0
4015 53 0
4016 53 0
4017 53 0
4018 54 0
4019 54 0
4020 54 0
4021 55 0
4022 55 0
4023 56 0
4024 57 0
4025 58 0
4026 59 0
4027 60 0
4028 61 0
4029 62 0
4030 63 0
4031 64 0
4032 65 0
4033 66 0
4034 67 0
4035 68 0
4036 69 0
4037 70 0
4038 71 0
4039 72 0
4040 73 0
4041 74 0
4042 75 0
4043 76 0
4044 77 0
